0.22627125850340132
0.2039600340136054
0.19469387755102033
0.1733656462585034
0.16278826530612242
0.15952806122448976
0.15459693877551017
0.15166921768707478
0.1495561224489796
0.14831972789115644
0.14665731292517
0.14479336734693873
0.1443809523809523
0.14425595238095232
0.14401445578231284
0.1433494897959183
0.14298129251700673
0.14298129251700673
0.14252040816326525
0.142438775510204
0.14190476190476187
0.1416989795918367
0.1416989795918367
0.14161564625850337
0.14157142857142854
0.1414421768707483
0.1414421768707483
0.14140051020408165
0.14135884353741496
0.14131802721088435
0.1411938775510204
0.1411938775510204
0.1411539115646258
0.14107142857142854
0.14103061224489793
0.14098809523809522
0.14090391156462584
0.14090391156462584
0.14090391156462584
0.14086054421768704
0.14081887755102038
0.14061479591836734
0.14061479591836734
0.14061479591836734
0.14061394557823126
0.1405739795918367
0.1405739795918367
0.1405722789115646
0.1405722789115646
0.1405722789115646
0.14048979591836733
0.14048979591836733
0.14048979591836733
0.14048979591836733
0.14048979591836733
0.14040646258503398
0.14028231292517004
0.1402023809523809
0.1401190476190476
0.14003571428571426
0.1399940476190476
0.1399940476190476
0.1399940476190476
0.13999319727891155
0.13999319727891155
0.13999319727891155
0.13999319727891155
0.1396207482993197
0.1396207482993197
0.1396207482993197
0.1396207482993197
0.1396207482993197
0.1396207482993197
0.1396207482993197
0.1396207482993197
0.13961819727891153
0.13961819727891153
0.13961819727891153
0.13961819727891153
0.13957738095238093
0.13957738095238093
0.13957738095238093
0.13957738095238093
0.13957738095238093
0.13957738095238093
0.13957738095238093
0.13957738095238093
0.13957738095238093
0.13957738095238093
0.1395348639455782
0.1395348639455782
0.139453231292517
0.139453231292517
0.139453231292517
0.139453231292517
0.139453231292517
0.139453231292517
0.139453231292517
0.1394124149659864
0.13937244897959183
